    -10.0000000      0.0018985      0.0018985
     -9.9600000      0.0019176      0.0019176
     -9.9200000      0.0019370      0.0019370
     -9.8800000      0.0019566      0.0019566
     -9.8400000      0.0019766      0.0019766
     -9.8000000      0.0019970      0.0019970
     -9.7600000      0.0020176      0.0020176
     -9.7200000      0.0020385      0.0020385
     -9.6800000      0.0020598      0.0020598
     -9.6400000      0.0020815      0.0020815
     -9.6000000      0.0021034      0.0021034
     -9.5600000      0.0021258      0.0021258
     -9.5200000      0.0021485      0.0021485
     -9.4800000      0.0021715      0.0021715
     -9.4400000      0.0021950      0.0021950
     -9.4000000      0.0022188      0.0022188
     -9.3600000      0.0022431      0.0022431
     -9.3200000      0.0022677      0.0022677
     -9.2800000      0.0022928      0.0022928
     -9.2400000      0.0023182      0.0023182
     -9.2000000      0.0023442      0.0023442
     -9.1600000      0.0023705      0.0023705
     -9.1200000      0.0023973      0.0023973
     -9.0800000      0.0024246      0.0024246
     -9.0400000      0.0024523      0.0024523
     -9.0000000      0.0024806      0.0024806
     -8.9600000      0.0025093      0.0025093
     -8.9200000      0.0025386      0.0025386
     -8.8800000      0.0025683      0.0025683
     -8.8400000      0.0025986      0.0025986
     -8.8000000      0.0026295      0.0026295
     -8.7600000      0.0026609      0.0026609
     -8.7200000      0.0026929      0.0026929
     -8.6800000      0.0027255      0.0027255
     -8.6400000      0.0027587      0.0027587
     -8.6000000      0.0027925      0.0027925
     -8.5600000      0.0028269      0.0028269
     -8.5200000      0.0028620      0.0028620
     -8.4800000      0.0028978      0.0028978
     -8.4400000      0.0029342      0.0029342
     -8.4000000      0.0029714      0.0029714
     -8.3600000      0.0030093      0.0030093
     -8.3200000      0.0030479      0.0030479
     -8.2800000      0.0030873      0.0030873
     -8.2400000      0.0031274      0.0031274
     -8.2000000      0.0031684      0.0031684
     -8.1600000      0.0032102      0.0032102
     -8.1200000      0.0032529      0.0032529
     -8.0800000      0.0032964      0.0032964
     -8.0400000      0.0033408      0.0033408
     -8.0000000      0.0033861      0.0033861
     -7.9600000      0.0034324      0.0034324
     -7.9200000      0.0034797      0.0034797
     -7.8800000      0.0035280      0.0035280
     -7.8400000      0.0035773      0.0035773
     -7.8000000      0.0036276      0.0036276
     -7.7600000      0.0036791      0.0036791
     -7.7200000      0.0037317      0.0037317
     -7.6800000      0.0037855      0.0037855
     -7.6400000      0.0038404      0.0038404
     -7.6000000      0.0038966      0.0038966
     -7.5600000      0.0039541      0.0039541
     -7.5200000      0.0040129      0.0040129
     -7.4800000      0.0040730      0.0040730
     -7.4400000      0.0041345      0.0041345
     -7.4000000      0.0041975      0.0041975
     -7.3600000      0.0042620      0.0042620
     -7.3200000      0.0043280      0.0043280
     -7.2800000      0.0043956      0.0043956
     -7.2400000      0.0044648      0.0044648
     -7.2000000      0.0045357      0.0045357
     -7.1600000      0.0046084      0.0046084
     -7.1200000      0.0046829      0.0046829
     -7.0800000      0.0047593      0.0047593
     -7.0400000      0.0048376      0.0048376
     -7.0000000      0.0049179      0.0049179
     -6.9600000      0.0050003      0.0050003
     -6.9200000      0.0050849      0.0050849
     -6.8800000      0.0051717      0.0051717
     -6.8400000      0.0052608      0.0052608
     -6.8000000      0.0053524      0.0053524
     -6.7600000      0.0054464      0.0054464
     -6.7200000      0.0055430      0.0055430
     -6.6800000      0.0056423      0.0056423
     -6.6400000      0.0057444      0.0057444
     -6.6000000      0.0058494      0.0058494
     -6.5600000      0.0059574      0.0059574
     -6.5200000      0.0060686      0.0060686
     -6.4800000      0.0061830      0.0061830
     -6.4400000      0.0063008      0.0063008
     -6.4000000      0.0064222      0.0064222
     -6.3600000      0.0065472      0.0065472
     -6.3200000      0.0066761      0.0066761
     -6.2800000      0.0068090      0.0068090
     -6.2400000      0.0069460      0.0069460
     -6.2000000      0.0070875      0.0070875
     -6.1600000      0.0072335      0.0072335
     -6.1200000      0.0073843      0.0073843
     -6.0800000      0.0075400      0.0075400
     -6.0400000      0.0077010      0.0077010
     -6.0000000      0.0078675      0.0078675
     -5.9600000      0.0080397      0.0080397
     -5.9200000      0.0082178      0.0082178
     -5.8800000      0.0084023      0.0084023
     -5.8400000      0.0085934      0.0085934
     -5.8000000      0.0087914      0.0087914
     -5.7600000      0.0089967      0.0089967
     -5.7200000      0.0092097      0.0092097
     -5.6800000      0.0094308      0.0094308
     -5.6400000      0.0096603      0.0096603
     -5.6000000      0.0098989      0.0098989
     -5.5600000      0.0101469      0.0101469
     -5.5200000      0.0104049      0.0104049
     -5.4800000      0.0106735      0.0106735
     -5.4400000      0.0109533      0.0109533
     -5.4000000      0.0112449      0.0112449
     -5.3600000      0.0115490      0.0115490
     -5.3200000      0.0118664      0.0118664
     -5.2800000      0.0121980      0.0121980
     -5.2400000      0.0125446      0.0125446
     -5.2000000      0.0129072      0.0129072
     -5.1600000      0.0132868      0.0132868
     -5.1200000      0.0136845      0.0136845
     -5.0800000      0.0141017      0.0141017
     -5.0400000      0.0145396      0.0145396
     -5.0000000      0.0149996      0.0149996
     -4.9600000      0.0154835      0.0154835
     -4.9200000      0.0159929      0.0159929
     -4.8800000      0.0165297      0.0165297
     -4.8400000      0.0170960      0.0170960
     -4.8000000      0.0176942      0.0176942
     -4.7600000      0.0183267      0.0183267
     -4.7200000      0.0189963      0.0189963
     -4.6800000      0.0197062      0.0197062
     -4.6400000      0.0204597      0.0204597
     -4.6000000      0.0212607      0.0212607
     -4.5600000      0.0221132      0.0221132
     -4.5200000      0.0230220      0.0230220
     -4.4800000      0.0239924      0.0239924
     -4.4400000      0.0250301      0.0250301
     -4.4000000      0.0261417      0.0261417
     -4.3600000      0.0273344      0.0273344
     -4.3200000      0.0286166      0.0286166
     -4.2800000      0.0299975      0.0299975
     -4.2400000      0.0314876      0.0314876
     -4.2000000      0.0330987      0.0330987
     -4.1600000      0.0348441      0.0348441
     -4.1200000      0.0367391      0.0367391
     -4.0800000      0.0388007      0.0388007
     -4.0400000      0.0410484      0.0410484
     -4.0000000      0.0435042      0.0435042
     -3.9600000      0.0461931      0.0461931
     -3.9200000      0.0491430      0.0491430
     -3.8800000      0.0523854      0.0523854
     -3.8400000      0.0559551      0.0559551
     -3.8000000      0.0598905      0.0598905
     -3.7600000      0.0642329      0.0642329
     -3.7200000      0.0690257      0.0690257
     -3.6800000      0.0743119      0.0743119
     -3.6400000      0.0801314      0.0801314
     -3.6000000      0.0865150      0.0865150
     -3.5600000      0.0934761      0.0934761
     -3.5200000      0.1009980      0.1009980
     -3.4800000      0.1090165      0.1090165
     -3.4400000      0.1173977      0.1173977
     -3.4000000      0.1259125      0.1259125
     -3.3600000      0.1342130      0.1342130
     -3.3200000      0.1418219      0.1418219
     -3.2800000      0.1481489      0.1481489
     -3.2400000      0.1525504      0.1525504
     -3.2000000      0.1544371      0.1544371
     -3.1600000      0.1534102      0.1534102
     -3.1200000      0.1493806      0.1493806
     -3.0800000      0.1426167      0.1426167
     -3.0400000      0.1336918      0.1336918
     -3.0000000      0.1233522      0.1233522
     -2.9600000      0.1123622      0.1123622
     -2.9200000      0.1013811      0.1013811
     -2.8800000      0.0909003      0.0909003
     -2.8400000      0.0812345      0.0812345
     -2.8000000      0.0725476      0.0725476
     -2.7600000      0.0648920      0.0648920
     -2.7200000      0.0582463      0.0582463
     -2.6800000      0.0525466      0.0525466
     -2.6400000      0.0477084      0.0477084
     -2.6000000      0.0436411      0.0436411
     -2.5600000      0.0402563      0.0402563
     -2.5200000      0.0374728      0.0374728
     -2.4800000      0.0352183      0.0352183
     -2.4400000      0.0334301      0.0334301
     -2.4000000      0.0320550      0.0320550
     -2.3600000      0.0310481      0.0310481
     -2.3200000      0.0303724      0.0303724
     -2.2800000      0.0299977      0.0299977
     -2.2400000      0.0298998      0.0298998
     -2.2000000      0.0300595      0.0300595
     -2.1600000      0.0304624      0.0304624
     -2.1200000      0.0310982      0.0310982
     -2.0800000      0.0319598      0.0319598
     -2.0400000      0.0330436      0.0330436
     -2.0000000      0.0343489      0.0343489
     -1.9600000      0.0358774      0.0358774
     -1.9200000      0.0376335      0.0376335
     -1.8800000      0.0396238      0.0396238
     -1.8400000      0.0418570      0.0418570
     -1.8000000      0.0443438      0.0443438
     -1.7600000      0.0470969      0.0470969
     -1.7200000      0.0501306      0.0501306
     -1.6800000      0.0534610      0.0534610
     -1.6400000      0.0571053      0.0571053
     -1.6000000      0.0610817      0.0610817
     -1.5600000      0.0654092      0.0654092
     -1.5200000      0.0701066      0.0701066
     -1.4800000      0.0751923      0.0751923
     -1.4400000      0.0806827      0.0806827
     -1.4000000      0.0865915      0.0865915
     -1.3600000      0.0929282      0.0929282
     -1.3200000      0.0996959      0.0996959
     -1.2800000      0.1068892      0.1068892
     -1.2400000      0.1144922      0.1144922
     -1.2000000      0.1224753      0.1224753
     -1.1600000      0.1307926      0.1307926
     -1.1200000      0.1393792      0.1393792
     -1.0800000      0.1481494      0.1481494
     -1.0400000      0.1569951      0.1569951
     -1.0000000      0.1657861      0.1657861
     -0.9600000      0.1743721      0.1743721
     -0.9200000      0.1825872      0.1825872
     -0.8800000      0.1902561      0.1902561
     -0.8400000      0.1972033      0.1972033
     -0.8000000      0.2032633      0.2032633
     -0.7600000      0.2082918      0.2082918
     -0.7200000      0.2121752      0.2121752
     -0.6800000      0.2148394      0.2148394
     -0.6400000      0.2162541      0.2162541
     -0.6000000      0.2164339      0.2164339
     -0.5600000      0.2154353      0.2154353
     -0.5200000      0.2133504      0.2133504
     -0.4800000      0.2102988      0.2102988
     -0.4400000      0.2064176      0.2064176
     -0.4000000      0.2018520      0.2018520
     -0.3600000      0.1967478      0.1967478
     -0.3200000      0.1912437      0.1912437
     -0.2800000      0.1854672      0.1854672
     -0.2400000      0.1795314      0.1795314
     -0.2000000      0.1735334      0.1735334
     -0.1600000      0.1675547      0.1675547
     -0.1200000      0.1616612      0.1616612
     -0.0800000      0.1559051      0.1559051
     -0.0400000      0.1503262      0.1503262
      0.0000000      0.1449537      0.1449537
      0.0400000      0.1398082      0.1398082
      0.0800000      0.1349028      0.1349028
      0.1200000      0.1302451      0.1302451
      0.1600000      0.1258378      0.1258378
      0.2000000      0.1216804      0.1216804
      0.2400000      0.1177698      0.1177698
      0.2800000      0.1141009      0.1141009
      0.3200000      0.1106677      0.1106677
      0.3600000      0.1074631      0.1074631
      0.4000000      0.1044797      0.1044797
      0.4400000      0.1017102      0.1017102
      0.4800000      0.0991473      0.0991473
      0.5200000      0.0967841      0.0967841
      0.5600000      0.0946143      0.0946143
      0.6000000      0.0926320      0.0926320
      0.6400000      0.0908323      0.0908323
      0.6800000      0.0892109      0.0892109
      0.7200000      0.0877644      0.0877644
      0.7600000      0.0864905      0.0864905
      0.8000000      0.0853877      0.0853877
      0.8400000      0.0844557      0.0844557
      0.8800000      0.0836952      0.0836952
      0.9200000      0.0831084      0.0831084
      0.9600000      0.0826985      0.0826985
      1.0000000      0.0824703      0.0824703
      1.0400000      0.0824300      0.0824300
      1.0800000      0.0825851      0.0825851
      1.1200000      0.0829452      0.0829452
      1.1600000      0.0835212      0.0835212
      1.2000000      0.0843255      0.0843255
      1.2400000      0.0853723      0.0853723
      1.2800000      0.0866766      0.0866766
      1.3200000      0.0882543      0.0882543
      1.3600000      0.0901206      0.0901206
      1.4000000      0.0922891      0.0922891
      1.4400000      0.0947693      0.0947693
      1.4800000      0.0975631      0.0975631
      1.5200000      0.1006603      0.1006603
      1.5600000      0.1040324      0.1040324
      1.6000000      0.1076243      0.1076243
      1.6400000      0.1113455      0.1113455
      1.6800000      0.1150606      0.1150606
      1.7200000      0.1185830      0.1185830
      1.7600000      0.1216751      0.1216751
      1.8000000      0.1240605      0.1240605
      1.8400000      0.1254514      0.1254514
      1.8800000      0.1255929      0.1255929
      1.9200000      0.1243136      0.1243136
      1.9600000      0.1215699      0.1215699
      2.0000000      0.1174651      0.1174651
      2.0400000      0.1122341      0.1122341
      2.0800000      0.1061982      0.1061982
      2.1200000      0.0997068      0.0997068
      2.1600000      0.0930842      0.0930842
      2.2000000      0.0865947      0.0865947
      2.2400000      0.0804289      0.0804289
      2.2800000      0.0747063      0.0747063
      2.3200000      0.0694874      0.0694874
      2.3600000      0.0647887      0.0647887
      2.4000000      0.0605973      0.0605973
      2.4400000      0.0568824      0.0568824
      2.4800000      0.0536039      0.0536039
      2.5200000      0.0507183      0.0507183
      2.5600000      0.0481823      0.0481823
      2.6000000      0.0459551      0.0459551
      2.6400000      0.0439993      0.0439993
      2.6800000      0.0422814      0.0422814
      2.7200000      0.0407720      0.0407720
      2.7600000      0.0394452      0.0394452
      2.8000000      0.0382786      0.0382786
      2.8400000      0.0372529      0.0372529
      2.8800000      0.0363512      0.0363512
      2.9200000      0.0355592      0.0355592
      2.9600000      0.0348644      0.0348644
      3.0000000      0.0342562      0.0342562
      3.0400000      0.0337254      0.0337254
      3.0800000      0.0332639      0.0332639
      3.1200000      0.0328650      0.0328650
      3.1600000      0.0325226      0.0325226
      3.2000000      0.0322316      0.0322316
      3.2400000      0.0319876      0.0319876
      3.2800000      0.0317866      0.0317866
      3.3200000      0.0316252      0.0316252
      3.3600000      0.0315006      0.0315006
      3.4000000      0.0314101      0.0314101
      3.4400000      0.0313515      0.0313515
      3.4800000      0.0313229      0.0313229
      3.5200000      0.0313224      0.0313224
      3.5600000      0.0313487      0.0313487
      3.6000000      0.0314003      0.0314003
      3.6400000      0.0314762      0.0314762
      3.6800000      0.0315753      0.0315753
      3.7200000      0.0316968      0.0316968
      3.7600000      0.0318397      0.0318397
      3.8000000      0.0320036      0.0320036
      3.8400000      0.0321877      0.0321877
      3.8800000      0.0323915      0.0323915
      3.9200000      0.0326145      0.0326145
      3.9600000      0.0328564      0.0328564
      4.0000000      0.0331167      0.0331167
      4.0400000      0.0333951      0.0333951
      4.0800000      0.0336912      0.0336912
      4.1200000      0.0340048      0.0340048
      4.1600000      0.0343356      0.0343356
      4.2000000      0.0346834      0.0346834
      4.2400000      0.0350477      0.0350477
      4.2800000      0.0354284      0.0354284
      4.3200000      0.0358251      0.0358251
      4.3600000      0.0362376      0.0362376
      4.4000000      0.0366655      0.0366655
      4.4400000      0.0371085      0.0371085
      4.4800000      0.0375660      0.0375660
      4.5200000      0.0380378      0.0380378
      4.5600000      0.0385232      0.0385232
      4.6000000      0.0390217      0.0390217
      4.6400000      0.0395327      0.0395327
      4.6800000      0.0400555      0.0400555
      4.7200000      0.0405892      0.0405892
      4.7600000      0.0411330      0.0411330
      4.8000000      0.0416859      0.0416859
      4.8400000      0.0422468      0.0422468
      4.8800000      0.0428146      0.0428146
      4.9200000      0.0433879      0.0433879
      4.9600000      0.0439652      0.0439652
      5.0000000      0.0445450      0.0445450
      5.0400000      0.0451257      0.0451257
      5.0800000      0.0457052      0.0457052
      5.1200000      0.0462818      0.0462818
      5.1600000      0.0468531      0.0468531
      5.2000000      0.0474171      0.0474171
      5.2400000      0.0479713      0.0479713
      5.2800000      0.0485132      0.0485132
      5.3200000      0.0490402      0.0490402
      5.3600000      0.0495496      0.0495496
      5.4000000      0.0500385      0.0500385
      5.4400000      0.0505042      0.0505042
      5.4800000      0.0509437      0.0509437
      5.5200000      0.0513540      0.0513540
      5.5600000      0.0517323      0.0517323
      5.6000000      0.0520758      0.0520758
      5.6400000      0.0523815      0.0523815
      5.6800000      0.0526469      0.0526469
      5.7200000      0.0528694      0.0528694
      5.7600000      0.0530467      0.0530467
      5.8000000      0.0531766      0.0531766
      5.8400000      0.0532572      0.0532572
      5.8800000      0.0532870      0.0532870
      5.9200000      0.0532646      0.0532646
      5.9600000      0.0531892      0.0531892
      6.0000000      0.0530600      0.0530600
      6.0400000      0.0528770      0.0528770
      6.0800000      0.0526401      0.0526401
      6.1200000      0.0523500      0.0523500
      6.1600000      0.0520076      0.0520076
      6.2000000      0.0516140      0.0516140
      6.2400000      0.0511709      0.0511709
      6.2800000      0.0506802      0.0506802
      6.3200000      0.0501441      0.0501441
      6.3600000      0.0495650      0.0495650
      6.4000000      0.0489457      0.0489457
      6.4400000      0.0482890      0.0482890
      6.4800000      0.0475980      0.0475980
      6.5200000      0.0468757      0.0468757
      6.5600000      0.0461253      0.0461253
      6.6000000      0.0453502      0.0453502
      6.6400000      0.0445535      0.0445535
      6.6800000      0.0437385      0.0437385
      6.7200000      0.0429081      0.0429081
      6.7600000      0.0420656      0.0420656
      6.8000000      0.0412138      0.0412138
      6.8400000      0.0403555      0.0403555
      6.8800000      0.0394934      0.0394934
      6.9200000      0.0386299      0.0386299
      6.9600000      0.0377673      0.0377673
      7.0000000      0.0369079      0.0369079
      7.0400000      0.0360535      0.0360535
      7.0800000      0.0352060      0.0352060
      7.1200000      0.0343670      0.0343670
      7.1600000      0.0335378      0.0335378
      7.2000000      0.0327199      0.0327199
      7.2400000      0.0319143      0.0319143
      7.2800000      0.0311220      0.0311220
      7.3200000      0.0303439      0.0303439
      7.3600000      0.0295806      0.0295806
      7.4000000      0.0288327      0.0288327
      7.4400000      0.0281008      0.0281008
      7.4800000      0.0273851      0.0273851
      7.5200000      0.0266859      0.0266859
      7.5600000      0.0260034      0.0260034
      7.6000000      0.0253377      0.0253377
      7.6400000      0.0246889      0.0246889
      7.6800000      0.0240569      0.0240569
      7.7200000      0.0234416      0.0234416
      7.7600000      0.0228429      0.0228429
      7.8000000      0.0222606      0.0222606
      7.8400000      0.0216945      0.0216945
      7.8800000      0.0211444      0.0211444
      7.9200000      0.0206099      0.0206099
      7.9600000      0.0200908      0.0200908
      8.0000000      0.0195869      0.0195869
      8.0400000      0.0190977      0.0190977
      8.0800000      0.0186229      0.0186229
      8.1200000      0.0181621      0.0181621
      8.1600000      0.0177151      0.0177151
      8.2000000      0.0172814      0.0172814
      8.2400000      0.0168608      0.0168608
      8.2800000      0.0164527      0.0164527
      8.3200000      0.0160570      0.0160570
      8.3600000      0.0156732      0.0156732
      8.4000000      0.0153009      0.0153009
      8.4400000      0.0149399      0.0149399
      8.4800000      0.0145897      0.0145897
      8.5200000      0.0142501      0.0142501
      8.5600000      0.0139207      0.0139207
      8.6000000      0.0136012      0.0136012
      8.6400000      0.0132912      0.0132912
      8.6800000      0.0129905      0.0129905
      8.7200000      0.0126988      0.0126988
      8.7600000      0.0124157      0.0124157
      8.8000000      0.0121411      0.0121411
      8.8400000      0.0118745      0.0118745
      8.8800000      0.0116158      0.0116158
      8.9200000      0.0113646      0.0113646
      8.9600000      0.0111208      0.0111208
      9.0000000      0.0108841      0.0108841
      9.0400000      0.0106542      0.0106542
      9.0800000      0.0104310      0.0104310
      9.1200000      0.0102141      0.0102141
      9.1600000      0.0100034      0.0100034
      9.2000000      0.0097987      0.0097987
      9.2400000      0.0095998      0.0095998
      9.2800000      0.0094065      0.0094065
      9.3200000      0.0092186      0.0092186
      9.3600000      0.0090359      0.0090359
      9.4000000      0.0088582      0.0088582
      9.4400000      0.0086854      0.0086854
      9.4800000      0.0085174      0.0085174
      9.5200000      0.0083539      0.0083539
      9.5600000      0.0081948      0.0081948
      9.6000000      0.0080400      0.0080400
      9.6400000      0.0078894      0.0078894
      9.6800000      0.0077427      0.0077427
      9.7200000      0.0075999      0.0075999
      9.7600000      0.0074608      0.0074608
      9.8000000      0.0073254      0.0073254
      9.8400000      0.0071935      0.0071935
      9.8800000      0.0070650      0.0070650
      9.9200000      0.0069397      0.0069397
      9.9600000      0.0068177      0.0068177
     10.0000000      0.0066987      0.0066987
