
U = 2.0
16 -19.674368860085
15 -20.528277694237
14 -21.399514486445

U = 3.0
16 -16.667130471108
15 -17.931806756585
14 -19.218754874987

U = 4.0
16 -14.035352478555
15 -15.692961785299
14 -17.364054651016

U = 5.0
16 -11.963159470415
15 -13.811884216863
14 -15.818181356533

U = 6.0
16 -10.576789482036
15 -12.281002381081
14 -14.55609042482

U = 7.0
16 -9.4366898144083
15 -11.116228317786
14 -13.541404677031

U = 8.0
16 -8.4964068964269
15 -10.311072297302
14 -12.730106640342

U = 9.0
16 -7.7147400477889  1
15 -9.6444167299242  4
14 -12.07867722134   1 

U = 10.0
16 -7.0581103627626  1
15 -9.0861910973884  4
14 -11.550086373969  1 

U = 11.0
16 -6.5003868199748  1
15 -8.6138493380347  4
14 -11.115488908845  1 

U = 12.0
16 -6.0216104474301  1
15 -8.2101471350034  4
14 -10.753321797722  1 
