
U = 2.0
16 -18.910599412064
15 -19.768792493814
14 -20.643854257334

U = 3.0
16 -15.95196419396
15 -17.220516974905
14 -18.51049973391

U = 4.0
16 -13.631452492376
15 -15.046060042772
14 -16.712772890201

U = 5.0
16 -11.951401824703
15 -13.273241727487
14 -15.227947016422

U = 6.0
16 -10.564045030722
15 -12.035916663165
14 -14.024826008546

U = 7.0
16 -9.4230949175294
15 -11.050329586977
14 -13.061684687376

U = 8.0
16 -8.4821213748219
15 -10.239686997526
14 -12.29199000195

U = 9.0
16 -7.6999483669739  1
15 -9.5674461103703  4
14 -11.672532016136  1

U = 10.0
16 -7.0430003728613  1
15 -9.0043893023118  4
14 -11.167970344827  1

U = 11.0
16 -6.4851287733726  1
15 -8.5278580622251  4
14 -10.751338811918  1

U = 12.0
16 -6.0063464871121  1
15 -8.1204832343899  4
14 -10.402646096595  1
