
U = 1.0
16 -23.448062976583
15 -23.879454483492
14 -24.317282703425

U = 2.0
16 -20.061356484388
15 -20.913800862114
14 -21.783735476417

U = 3.0
16 -17.036284299288
15 -18.299234966787
14 -19.584820022247

U = 4.0
16 -14.376838562555
15 -16.035032057364
14 -17.706878559396

U = 5.0
16 -12.096903976408
15 -14.121777270523
14 -16.134471125949

U = 6.0
16 -10.585637273316
15 -12.554183186891
14 -14.845087405668

U = 7.0
16 -9.4460961444339
15 -11.307835967719
14 -13.805137925561

U = 8.0
16 -8.5062810606016
15 -10.359177841152
14 -12.972479292462

U = 9.0
16 -7.7249596046376  1
15 -9.6937062149813  4
14 -12.304064701665  1

U = 10.0
16 -7.0685486238337  1
15 -9.1379344918849  4
14 -11.762398363604  1

U = 11.0
16 -6.5109287952596  1
15 -8.6677591411387  4
14 -11.317858048671  1

U = 12.0
16 -6.0321599327055  1
15 -8.2659532489623  4
14 -10.948141708044  1  

