
U = 1.0
16 -23.845488328733
15 -24.276521116113
14 -24.714009439863

U = 2.0
16 -20.450619171214
15 -21.301948585947
14 -22.170883381063 

U = 3.0
16 -17.410665180447
15 -18.672215361498
14 -19.956656710208

U = 4.0
16 -14.727849767405  4 
15 -16.386264980577
14 -18.058490397386

U = 5.0
16 -12.413440555921
15 -14.444642706628
14 -16.462213353089

U = 6.0
16 -10.596732067916
15 -12.843538587321
14 -15.147399768015

U = 7.0
16 -9.4577946474685
15 -11.562596588875
14 -14.083077689533

U = 8.0
16 -8.5185307511267
15 -10.557201823312
14 -13.229172521866

U = 9.0
16 -7.7376220563172  1
15 -9.770509995348   4
14 -12.543452819826  1

U = 10.0
16 -7.0814744067899  1
15 -9.1989676558126  4
14 -11.9882275243    1

U = 11.0
16 -6.5239810988095  1
15 -8.730648661209   4
14 -11.53324558732   1

U = 12.0
16 -6.0452235825229  1
15 -8.3306464031565  4
14 -11.155530147927  1


