
U = 2.0
16 -18.53733542351
15 -19.398501160087
14 -20.276256339886

U = 3.0
16 -15.641513198078
15 -16.88301095465
14 -18.173998939417

U = 4.0
16 -13.627869543153
15 -14.77187055693
14 -16.410562646536

U = 5.0
16 -11.947352063547
15 -13.22202888351
14 -14.959633806139

U = 6.0
16 -10.559636000352
15 -12.014886244723
14 -13.786950400184

U = 7.0
16 -9.4183899213986
15 -11.02603214956
14 -12.848852045833

U = 8.0
16 -8.4771783235481
15 -10.2125047252
14 -12.098486705374

U = 9.0
16 -7.6948313531393  1
15 -9.5377565589186  4
14 -11.493439440663  1

U = 10.0
16 -7.0377745568489  1
15 -8.9725158464954  4
14 -10.999494358667  1

U = 11.0
16 -6.4798533646314  1
15 -8.4940671740038  4
14 -10.590693568637  1

U = 12.0
16 -6.0010709569112  1
15 -8.0849923096681  4
14 -10.247816471905  1
